$ 1 1.0000000000000001e-7 22.512744558455275 50 5 50 5e-11
r 176 112 256 112 0 120
R 176 112 176 64 0 0 40 3.3 0 0 0.5
c 256 112 256 176 0 0.000009999999999999999 1.5079564431925894 0.001
g 256 176 256 192 0 0
z 352 192 352 144 2 default-zener
w 352 112 256 112 0
w 352 192 352 256 0
w 352 256 464 256 0
w 352 112 416 112 0
w 416 112 416 208 0
w 416 208 464 208 0
w 352 144 352 112 0
211 512 208 512 144 0 0.3 22050 1
r 464 208 464 256 0 16
w 512 208 464 208 0
f 288 336 336 336 32 0.55 0.02
w 352 256 352 320 0
w 352 320 336 320 0
w 336 352 336 416 0
g 336 416 336 432 0 0
c 288 336 224 336 0 1.0000000000000001e-7 1.3067523158839993 0.001
r 288 368 288 416 0 100000
g 288 416 288 432 0 0
r 224 336 176 336 0 4700
R 176 336 112 336 0 2 62500 3.3 0 0 0.3
w 288 368 288 336 0
p 288 368 192 368 2 0 0
g 192 368 192 400 0 0
p 512 208 512 256 2 0 0
w 512 256 464 256 0
o 26 1 0 4354 10 0.1 0 1
o 28 32 0 20482 1.25 0.1 1 1
